20.615528
29.082449
63.757957
121.812505
200.744983
299.927834
419.167403
558.389318
717.560197
896.663268
1095.689355
1314.633100
1553.491198
1812.261526
2090.942666
2389.533644
2708.033772
3046.442552
3404.759617
3782.984694
4181.117572
4599.158090
5037.106121
5494.961565
5972.724342
6470.394386
6987.971645
7525.456075
8082.847641
8660.146312
9257.352065
9874.464876
10511.484729
11168.411608
11845.245500
12541.986394
13258.634279
13995.189148
14751.650993
15528.019807
16324.295585
17140.478322
17976.568013
18832.564655
19708.468243
20604.278776
21519.996249
22455.620661
23411.152009
24386.590291
25381.935506
26397.187651
27432.346726
28487.412729
29562.385659
30657.265514
31772.052294
32906.745998
34061.346625
35235.854173
36430.268643
37644.590034
38878.818344
40132.953575
41406.995724
42700.944792
44014.800777
45348.563681
46702.233502
48075.810239
49469.293894
50882.684464
52315.981951
53769.186353
55242.297671
56735.315904
58248.241053
59781.073116
61333.812094
62906.457986
64499.010793
66111.470513
67743.837148
69396.110697
71068.291159
72760.378535
74472.372825
76204.274028
77956.082144
79727.797174
81519.419117
83330.947972
85162.383741
87013.726423
88884.976017
90776.132524
92687.195944
94618.166276
96569.043521
98539.827678
100530.518748
102541.116730
104571.621625
106622.033432
108692.352151
110782.577782
112892.710325
115022.749781
117172.696148
119342.549428
121532.309619
123741.976723
125971.550739
128221.031666
130490.419506
132779.714257
135088.915920
137418.024495
139767.039982
142135.962380
144524.791690
146933.527912
149362.171046
151810.721091
154279.178048
156767.541917
159275.812698
161803.990390
164352.074993
166920.066508
169507.964935
172115.770273
174743.482523
177391.101685
180058.627758
182746.060742
185453.400638
188180.647446
190927.801165
193694.861795
196481.829337
199288.703790
202115.485155
204962.173431
207828.768619
210715.270718
213621.679728
216547.995650
219494.218483
222460.348228
225446.384884
228452.328452
231478.178930
234523.936321
237589.600622
240675.171835
243780.649959
246906.034995
250051.326941
253216.525800
256401.631569
259606.644250
262831.563842
266076.390345
269341.123760
272625.764086
275930.311324
279254.765472
282599.126532
285963.394503
289347.569386
292751.651180
296175.639885
299619.535501
303083.338029
306567.047467
310070.663817
313594.187079
317137.617251
320700.954335
324284.198330
327887.349237
331510.407054
335153.371783
338816.243423
342499.021974
346201.707437
349924.299811
353666.799096
357429.205292
361211.518399
365013.738418
368835.865348
372677.899189
376539.839941
380421.687605
384323.442180
388245.103665
392186.672063
396148.147371
400129.529591
404130.818721
408152.014763
412193.117716
416254.127581
420335.044356
424435.868043
428556.598641
432697.236150
436857.780571
441038.231902
445238.590145
449458.855299
453699.027364
457959.106340
462239.092228
466538.985026
470858.784736
475198.491357
479558.104889
483937.625333
488337.052687
492756.386953
497195.628130
501654.776218
506133.831217
510632.793128
515151.661949
519690.437682
524249.120326
528827.709881
533426.206348
538044.609725
542682.920014
547341.137214
552019.261325
556717.292347
561435.230280
566173.075124
570930.826880
575708.485547
580506.051125
585323.523614
590160.903014
595018.189326
599895.382548
604792.482682
609709.489727
614646.403683
619603.224550
624579.952329
629576.587018
634593.128619
639629.577131
644685.932554
649762.194888
654858.364133
659974.440290
665110.423357
670266.313336
675442.110226
680637.814027
685853.424740
691088.942363
696344.366897
701619.698343
706914.936700
712230.081968
717565.134147
722920.093237
728294.959239
733689.732152
739104.411975
744538.998710
749993.492356
755467.892913
760962.200382
766476.414761
772010.536052
777564.564254
783138.499367
788732.341391
794346.090326
799979.746172
805633.308930
811306.778598
817000.155178
822713.438669
828446.629071
834199.726384
839972.730609
845765.641744
851578.459791
857411.184749
863263.816617
869136.355398
875028.801089
880941.153691
886873.413205
892825.579629
898797.652965
904789.633212
910801.520370
916833.314439
922885.015419
928956.623311
935048.138114
941159.559827
947290.888452
953442.123988
959613.266435
965804.315794
972015.272063
978246.135244
984496.905335
990767.582338
997058.166252
1003368.657077
1009699.054814
1016049.359461
1022419.571020
1028809.689489
1035219.714870
1041649.647162
1048099.486365
1054569.232479
1061058.885505
1067568.445441
1074097.912289
1080647.286048
1087216.566717
1093805.754298
1100414.848791
1107043.850194
1113692.758508
1120361.573734
1127050.295871
1133758.924919
1140487.460878
1147235.903748
1154004.253529
1160792.510221
1167600.673825
1174428.744339
1181276.721765
1188144.606102
1195032.397350
1201940.095509
1208867.700580
1215815.212561
1222782.631454
1229769.957257
1236777.189972
1243804.329598
1250851.376135
1257918.329584
1265005.189943
1272111.957213
1279238.631395
1286385.212488
1293551.700492
1300738.095407
1307944.397233
1315170.605970
1322416.721619
1329682.744178
1336968.673649
1344274.510031
1351600.253324
1358945.903528
1366311.460643
1373696.924669
1381102.295607
1388527.573456
1395972.758215
1403437.849886
1410922.848468
1418427.753961
1425952.566366
1433497.285681
1441061.911908
1448646.445045
1456250.885094
1463875.232054
1471519.485925
1479183.646707
1486867.714400
1494571.689005
1502295.570521
1510039.358947
1517803.054285
1525586.656534
1533390.165694
1541213.581765
1549056.904748
1556920.134641
1564803.271446
1572706.315162
1580629.265788
1588572.123326
1596534.887776
1604517.559136
1612520.137407
1620542.622590
1628585.014683
1636647.313688
1644729.519604
1652831.632431
1660953.652169
1669095.578819
1677257.412379
1685439.152851
1693640.800233
1701862.354527
1710103.815732
1718365.183848
1726646.458875
1734947.640814
1743268.729663
1751609.725424
1759970.628095
1768351.437678
1776752.154172
1785172.777577
1793613.307894
1802073.745121
1810554.089259
1819054.340309
1827574.498270
1836114.563142
1844674.534925
1853254.413619
1861854.199224
1870473.891740
1879113.491168
1887772.997507
1896452.410756
1905151.730917
1913870.957989
1922610.091972
1931369.132867
1940148.080672
1948946.935389
1957765.697016
1966604.365555
1975462.941005
1984341.423366
1993239.812638
2002158.108821
2011096.311916
2020054.421921
2029032.438838
2038030.362666
2047048.193405
2056085.931055
2065143.575616
2074221.127089
2083318.585472
2092435.950767
2101573.222972
2110730.402089
2119907.488117
2129104.481056
2138321.380906
2147558.187668
2156814.901340
2166091.521924
2175388.049418
2184704.483824
2194040.825141
2203397.073369
2212773.228509
2222169.290559
2231585.259520
2241021.135393
2250476.918177
2259952.607872
2269448.204478
2278963.707995
2288499.118423
2298054.435762
2307629.660013
2317224.791175
2326839.829247
2336474.774231
2346129.626126
2355804.384932
2365499.050650
2375213.623278
2384948.102818
2394702.489268
2404476.782630
2414270.982903
2424085.090087
2433919.104182
2443773.025188
2453646.853106
2463540.587934
2473454.229674
2483387.778325
2493341.233887
2503314.596360
2513307.865744
2523321.042039
2533354.125245
2543407.115363
2553480.012392
2563572.816331
2573685.527182
2583818.144944
2593970.669618
2604143.101202
2614335.439697
2624547.685104
2634779.837422
2645031.896650
2655303.862790
2665595.735841
2675907.515804
2686239.202677
2696590.796461
2706962.297157
2717353.704764
2727765.019281
2738196.240710
2748647.369050
2759118.404302
2769609.346464
2780120.195537
2790650.951522
2801201.614418
2811772.184224
2822362.660942
2832973.044572
2843603.335112
2854253.532563
2864923.636926
2875613.648199
2886323.566384
2897053.391480
2907803.123487
2918572.762405
2929362.308234
2940171.760974
2951001.120626
2961850.387188
2972719.560662
2983608.641047
2994517.628343
3005446.522550
3016395.323668
3027364.031697
3038352.646638
3049361.168490
3060389.597252
3071437.932926
3082506.175511
3093594.325007
3104702.381414
3115830.344733
3126978.214962
3138145.992103
3149333.676155
3160541.267117
3171768.764991
3183016.169777
3194283.481473
3205570.700080
3216877.825599
3228204.858028
3239551.797369
3250918.643621
3262305.396784
3273712.056858
3285138.623843
3296585.097740
3308051.478547
3319537.766266
3331043.960895
3342570.062436
3354116.070888
3365681.986251
3377267.808526
3388873.537711
3400499.173807
3412144.716815
3423810.166734
3435495.523564
3447200.787305
3458925.957957
3470671.035520
3482436.019994
3494220.911380
3506025.709677
3517850.414884
3529695.027003
3541559.546033
3553443.971974
3565348.304827
3577272.544590
3589216.691264
3601180.744850
3613164.705347
3625168.572755
3637192.347074
3649236.028304
3661299.616445
3673383.111497
3685486.513461
3697609.822336
3709753.038121
3721916.160818
3734099.190426
3746302.126945
3758524.970376
3770767.720717
3783030.377970
3795312.942133
3807615.413208
3819937.791194
3832280.076091
3844642.267899
3857024.366618
3869426.372249
3881848.284790
3894290.104243
3906751.830607
3919233.463881
3931735.004067
3944256.451165
3956797.805173
3969359.066092
3981940.233923
3994541.308664
4007162.290317
4019803.178881
4032463.974356
4045144.676742
4057845.286040
4070565.802248
4083306.225367
4096066.555398
4108846.792340
4121646.936193
4134466.986957
4147306.944632
4160166.809218
4173046.580716
4185946.259124
4198865.844444
4211805.336675
4224764.735816
4237744.041869
4250743.254834
4263762.374709
4276801.401495
4289860.335193
4302939.175801
4316037.923321
4329156.577752
4342295.139094
4355453.607347
4368631.982512
4381830.264587
4395048.453573
4408286.549471
4421544.552280
4434822.462000
4448120.278631
4461438.002173
4474775.632626
4488133.169991
4501510.614266
4514907.965453
4528325.223551
4541762.388559
4555219.460480
4568696.439311
4582193.325053
4595710.117706
4609246.817271
4622803.423747
4636379.937133
4649976.357431
4663592.684640
4677228.918760
4690885.059792
4704561.107734
4718257.062588
4731972.924352
4745708.693028
4759464.368615
4773239.951113
4787035.440522
4800850.836842
4814686.140074
4828541.350216
4842416.467270
4856311.491235
4870226.422111
4884161.259898
4898116.004596
4912090.656205
4926085.214725
4940099.680157
4954134.052500
4968188.331753
4982262.517918
4996356.610994
5010470.610982
5024604.517880
5038758.331689
5052932.052410
5067125.680041
5081339.214584
5095572.656038
5109826.004403
5124099.259679
5138392.421867
5152705.490965
5167038.466974
5181391.349895
5195764.139727
5210156.836470
5224569.440124
5239001.950689
5253454.368165
5267926.692553
5282418.923851
5296931.062061
5311463.107182
5326015.059214
5340586.918157
5355178.684011
5369790.356776
5384421.936452
5399073.423040
5413744.816539
5428436.116948
5443147.324269
5457878.438501
5472629.459644
5487400.387699
5502191.222664
5517001.964541
5531832.613328
5546683.169027
5561553.631637
5576444.001158
5591354.277590
5606284.460933
5621234.551188
5636204.548353
5651194.452430
5666204.263418
5681233.981317
5696283.606127
5711353.137848
5726442.576480
5741551.922023
5756681.174478
5771830.333844
5786999.400120
5802188.373308
5817397.253407
5832626.040418
5847874.734339
5863143.335171
5878431.842915
5893740.257569
5909068.579135
5924416.807612
5939784.943000
5955172.985299
5970580.934509
5986008.790631
6001456.553663
6016924.223607
6032411.800462
6047919.284228
6063446.674905
6078993.972493
6094561.176992
6110148.288403
6125755.306724
6141382.231957
6157029.064100
6172695.803155
6188382.449121
6204089.001999
6219815.461787
6235561.828486
6251328.102097
6267114.282618
6282920.370051
6298746.364395
6314592.265650
6330458.073816
6346343.788893
6362249.410882
6378174.939781
6394120.375592
6410085.718314
6426070.967947
6442076.124491
6458101.187946
6474146.158312
6490211.035590
6506295.819778
6522400.510878
6538525.108888
6554669.613810
6570834.025643
6587018.344388
6603222.570043
6619446.702609
6635690.742087
6651954.688475
6668238.541775
6684542.301986
6700865.969108
6717209.543141
6733573.024085
6749956.411941
6766359.706707
6782782.908385
6799226.016974
6815689.032474
6832171.954885
6848674.784207
6865197.520440
6881740.163584
6898302.713640
6914885.170607
6931487.534484
6948109.805273
6964751.982973
6981414.067584
6998096.059107
7014797.957540
7031519.762884
7048261.475140
7065023.094307
7081804.620385
7098606.053374
7115427.393274
7132268.640085
7149129.793808
7166010.854441
7182911.821986
7199832.696441
7216773.477808
7233734.166086
7250714.761275
7267715.263376
7284735.672387
7301775.988310
7318836.211143
7335916.340888
7353016.377544
7370136.321111
7387276.171589
7404435.928978
7421615.593279
7438815.164490
7456034.642613
7473274.027647
7490533.319591
7507812.518447
7525111.624215
7542430.636893
7559769.556482
7577128.382983
7594507.116394
7611905.756717
7629324.303951
7646762.758096
7664221.119152
7681699.387119
7699197.561998
7716715.643787
7734253.632488
7751811.528100
7769389.330622
7786987.040056
7804604.656402
7822242.179658
7839899.609825
7857576.946904
7875274.190893
7892991.341794
7910728.399606
7928485.364329
7946262.235963
7964059.014508
7981875.699965
7999712.292332
8017568.791611
8035445.197801
8053341.510901
8071257.730913
8089193.857836
8107149.891671
8125125.832416
8143121.680073
8161137.434640
8179173.096119
8197228.664509
8215304.139810
8233399.522022
8251514.811145
8269650.007180
8287805.110125
8305980.119982
8324175.036749
8342389.860428
8360624.591018
8378879.228519
8397153.772932
8415448.224255
8433762.582489
8452096.847635
8470451.019692
8488825.098660
8507219.084539
8525632.977329
8544066.777030
8562520.483642
8580994.097166
8599487.617600
8618001.044946
8636534.379203
8655087.620371
8673660.768450
8692253.823440
8710866.785342
8729499.654154
8748152.429878
8766825.112513
8785517.702058
8804230.198515
8822962.601883
8841714.912163
8860487.129353
8879279.253455
8898091.284467
8916923.222391
8935775.067226
8954646.818972
8973538.477629
8992450.043197
9011381.515676
9030332.895067
9049304.181368
9068295.374581
9087306.474705
9106337.481740
9125388.395686
9144459.216543
9163549.944312
9182660.578991
9201791.120582
9220941.569084
9240111.924496
9259302.186820
9278512.356055
9297742.432202
9316992.415259
9336262.305227
9355552.102107
9374861.805898
9394191.416600
9413540.934213
9432910.358737
9452299.690172
9471708.928518
9491138.073776
9510587.125944
9530056.085024
9549544.951015
9569053.723917
9588582.403730
9608130.990454
9627699.484089
9647287.884636
9666896.192094
9686524.406462
9706172.527742
9725840.555933
9745528.491035
9765236.333048
9784964.081973
9804711.737808
9824479.300555
9844266.770212
9864074.146781
9883901.430261
9903748.620652
9923615.717955
9943502.722168
